0.0
0.0
0.0
0.0
0.0
0.0
0.0
0.0
0.0
0.0
0.0
0.0
0.0
0.0
0.0
0.0
0.0
0.0
0.0
0.0
0.0
0.0
0.0
0.0
0.0
0.0
0.0
0.0
0.0
0.0
0.0
0.0
0.0
0.0
0.0
0.0
0.0
0.0
0.0
0.0
0.0
0.0
0.0
0.0
0.0
0.0
0.0
0.0
0.0
0.0
0.0
0.0
0.0
0.0
0.0
0.0
0.0
0.0
0.0
0.0
0.0
0.0
0.0
0.0
0.0
0.0
0.0
0.0
0.0
0.0
0.0
0.0
0.0
0.0
0.0
0.0
0.0
0.0
0.0
0.0
0.0
0.0
0.0
0.0
0.0
0.0
0.0
0.0
0.0
0.0
0.0
0.0
0.0
0.0
0.0
0.0
0.0
0.0
0.0
0.0
0.0
0.0
0.0
0.0
0.0
0.0
0.0
0.0
0.0
0.0
0.0
0.0
0.0
0.0
0.0
0.0
0.0
0.0
0.0
0.0
0.0
0.0
0.0
0.0
0.0
0.0
0.0
0.0
0.0
0.0
0.0
0.0
0.0
0.0
0.0
0.0
0.0
0.0
0.0
0.0
0.0
0.0
0.0
0.0
0.0
0.0
0.0
0.0
0.0
0.0
0.0
0.0
0.0
0.0
0.0
0.0
0.0
0.0
0.0
0.0
0.0
0.0
0.0
0.0
0.0
0.0
0.0
0.0
0.0
0.0
0.0
0.0
0.0
0.0
0.0
0.0
0.0
0.0
0.0
0.0
0.0
0.0
0.0
0.0
0.0
0.0
0.0
0.0
0.0
0.0
0.0
0.0
0.0
0.0
0.0
0.0
0.0
0.0
0.0
0.0
0.0
0.0
0.0
0.0
0.0
0.0
0.0
0.0
0.0
0.0
0.0
0.0
0.0
0.0
0.0
0.0
0.0
0.0
0.0
0.0
0.0
0.0
0.0
0.0
0.0
0.0
0.0
0.0
0.0
0.0
0.0
0.0
0.0
0.0
0.0
0.0
0.0
0.0
0.0
0.0
0.0
0.0
0.0
0.0
46.47
46.47
46.14
46.14
45.98
45.98
45.65
45.65
45.65
45.65
45.41
45.41
45.41
45.12
45.12
45.12
59.77
59.77
74.8
74.8
74.99
74.99
74.75
74.93
74.93
74.93
75.01
74.79
74.79
75.33
75.19
75.19
75.19
75.19
75.19
74.86
74.86
74.81
74.81
74.76
74.76
74.76
74.82
74.82
74.81
74.81
74.81
75.11
75.11
74.82
74.82
74.48
74.48
74.48
74.48
74.29
74.29
74.25
74.25
74.25
74.73
74.73
74.81
74.81
74.79
74.79
75.35
75.35
75.35
75.35
74.76
74.76
74.53
74.53
74.48
74.48
74.48
74.82
74.94
74.94
75.05
75.05
75.05
74.96
74.96
74.96
74.96
75.29
75.29
75.29
74.93
74.93
74.52
74.52
74.5
74.5
74.5
74.5
75.0
75.31
75.31
75.31
74.98
74.98
74.92
89.96
89.96
90.62
90.62
90.41
90.41
90.41
90.41
90.41
89.17
89.17
89.97
90.2
90.2
90.2
90.2
89.79
90.03
90.03
90.03
90.39
90.39
90.37
90.37
90.27
90.27
90.27
90.47
90.47
90.47
90.47
90.47
90.1
90.1
90.09
90.09
89.92
89.92
89.94
89.94
89.94
89.89
74.91
75.31
75.57
75.57
75.57
75.25
75.25
75.33
75.33
75.33
75.0
75.29
75.29
75.29
75.0
75.0
75.08
75.08
75.08
75.04
75.04
75.25
75.25
75.28
75.28
75.39
75.39
74.77
75.02
75.02
75.02
75.0
75.0
75.0
75.06
75.06
75.06
74.97
74.97
75.0
75.0
75.0
75.0
75.33
75.33
75.33
75.21
75.21
75.01
75.01
75.01
74.61
74.61
74.61
75.11
75.11
75.11
74.93
74.93
74.87
74.87
74.96
74.96
75.0
75.0
75.27
75.27
75.01
75.01
74.6
74.6
74.6
74.74
74.74
74.74
74.74
74.38
74.38
75.26
75.26
75.26
75.26
75.26
74.64
74.96
74.96
75.26
75.26
75.51
75.51
75.51
75.51
74.9
74.9
74.52
74.52
74.52
74.78
74.78
74.78
74.84
74.84
75.09
75.09
75.09
45.1
74.88
74.88
74.92
74.92
74.92
74.92
74.92
44.87
44.87
44.82
44.82
44.82
44.67
44.67
44.92
45.08
45.08
45.08
45.08
45.02
45.02
45.0
45.4
45.4
45.4
45.05
45.05
45.18
45.18
45.22
45.22
45.22
74.97
74.35
75.06
75.06
75.06
74.91
74.91
75.02
75.02
74.97
74.97
45.18
45.29
45.29
45.29
45.2
45.2
45.2
45.27
45.27
45.27
44.87
45.09
45.09
45.09
45.06
45.06
44.98
59.99
59.99
59.99
60.24
60.24
60.27
60.27
60.24
60.24
60.24
60.24
60.01
60.01
60.05
60.05
60.01
60.07
60.07
60.07
59.93
59.93
60.36
60.36
60.19
60.19
60.25
60.25
60.17
60.17
60.17
59.86
59.86
59.86
59.9
59.9
59.99
59.99
59.99
60.15
60.15
45.11
45.15
45.15
45.15
59.85
59.85
44.72
44.72
44.72
44.72
44.72
44.72
44.66
44.66
60.13
60.13
60.02
60.02
59.98
59.98
59.98
149.8
149.8
149.8
150.61
150.61
44.86
44.86
148.71
149.82
149.82
149.82
149.82
149.49
149.49
150.01
150.01
150.01
150.09
150.09
150.09
151.13
151.13
151.13
151.08
151.08
151.08
149.46
149.46
149.46
149.04
149.04
149.04
44.74
44.74
150.39
150.39
45.06
45.06
45.06
150.18
150.18
150.03
150.03
150.55
150.55
150.56
150.56
150.56
150.56
149.21
149.21
150.09
150.31
150.31
150.31
150.31
150.31
149.63
150.46
150.46
150.46
150.46
44.76
44.91
45.23
150.51
150.51
150.42
150.42
105.66
105.66
105.66
105.66
105.66
104.93
104.93
105.2
105.2
105.2
104.95
104.95
89.99
89.99
89.99
89.99
90.4
90.4
90.34
90.6
90.6
90.6
90.47
90.47
90.09
90.09
90.0
90.0
90.0
90.0
89.99
89.99
89.99
90.07
90.07
90.37
90.37
90.25
90.25
90.4
90.4
90.4
90.35
90.35
90.35
90.03
90.33
90.33
90.21
90.21
90.21
89.92
89.92
89.92
90.03
90.63
90.63
90.63
89.95
89.95
89.23
89.23
90.48
90.48
90.48
89.74
89.94
89.94
89.94
90.35
90.35
90.11
90.11
90.2
90.2
90.67
90.67
90.67
89.9
89.9
89.64
89.64
89.64
89.64
89.19
89.44
89.72
89.72
89.72
90.04
90.21
90.21
90.65
90.65
90.65
90.62
90.62
90.62
89.89
89.89
89.89
89.55
89.55
89.55
89.39
89.95
89.98
89.98
90.33
90.33
90.1
90.1
90.22
90.22
90.22
90.22
89.87
89.87
89.83
89.83
89.09
89.75
89.75
89.75
89.82
90.32
90.32
90.32
90.32
89.67
89.67
89.99
89.99
89.92
90.66
90.66
90.66
90.38
90.38
90.29
90.29
90.29
90.29
90.29
90.29
90.29
90.29
89.66
90.26
90.26
90.26
90.26
90.02
90.02
90.02
90.09
90.09
90.45
90.45
90.45
90.4
90.4
90.63
90.63
90.63
90.16
90.16
90.16
90.03
90.03
89.97
89.97
90.1
45.07
45.07
45.05
45.05
45.29
45.29
45.15
45.15
45.17
45.17
45.34
45.34
45.34
45.34
44.83
45.08
45.08
45.15
45.15
45.15
45.06
45.06
45.06
45.03
45.03
45.15
45.15
45.16
45.16
45.17
45.17
75.23
75.23
75.23
75.23
75.1
75.1
74.95
74.95
75.02
75.02
75.07
75.07
74.86
75.39
75.39
74.81
74.81
74.81
74.44
74.44
74.44
44.55
44.55
74.84
74.82
74.82
74.82
74.82
75.05
75.05
75.05
74.86
74.86
74.86
75.26
75.26
74.94
74.94
74.67
74.67
74.67
44.75
44.75
74.67
75.03
75.03
75.2
75.2
74.99
74.99
74.99
74.99
75.16
75.16
90.39
90.39
89.95
89.95
89.95
89.95
89.46
89.46
89.46
89.58
89.58
89.58
89.01
90.24
90.24
90.24
89.79
89.79
89.88
89.75
89.75
90.36
90.36
90.36
90.36
89.51
89.51
89.51
89.39
89.39
89.39
89.82
89.82
90.09
90.09
90.09
89.62
89.62
89.62
89.76
89.76
89.76
90.25
45.13
45.17
45.17
45.21
45.21
45.21
45.21
45.21
45.21
89.71
45.04
45.04
45.0
45.1
45.1
45.1
45.1
44.98
44.98
45.15
45.15
45.15
45.15
45.15
45.15
45.15
45.15
45.15
45.15
43.74
43.86
43.86
43.86
43.99
43.99
43.99
43.97
43.97
43.97
87.21
87.21
87.85
87.12
88.07
88.07
88.0
88.0
88.0
88.0
88.0
43.94
43.94
43.94
43.94
43.83
43.84
43.84
43.84
43.84
43.48
43.81
43.81
43.89
43.89
43.93
43.93
43.92
43.92
44.17
44.17
44.17
43.95
43.95
43.77
43.77
43.9
43.9
43.83
43.83
43.83
43.83
43.78
43.78
43.83
43.83
43.83
43.83
43.88
43.88
44.05
44.05
44.05
43.73
43.73
43.73
43.4
43.58
43.69
43.69
43.69
43.6
43.6
43.6
43.6
43.86
43.86
43.83
43.83
43.95
43.95
44.12
44.12
43.77
43.77
43.67
43.67
44.06
44.09
44.09
44.09
43.96
43.96
43.96
43.96
43.52
43.52
58.14
58.14
58.14
58.16
58.16
58.16
58.16
58.57
58.57
58.57
58.59
58.59
58.5
58.52
58.52
58.61
58.61
58.48
58.48
58.69
58.69
58.69
58.69
58.69
58.16
58.16
58.73
58.73
58.73
58.73
58.24
58.49
58.49
58.57
58.57
58.57
58.6
58.6
58.61
58.61
58.68
58.68
58.68
58.68
58.67
58.67
59.03
59.03
59.03
58.49
58.49
58.49
58.49
58.61
58.69
58.69
58.69
58.49
58.49
58.49
58.58
58.58
58.56
58.08
58.64
58.64
58.64
58.46
58.74
58.74
58.7
58.7
58.7
58.62
58.14
58.61
58.61
58.6
58.6
58.6
58.52
58.76
58.76
58.87
58.87
58.87
58.87
58.47
58.69
58.69
58.69
58.55
58.55
58.66
58.66
58.66
58.61
58.74
58.74
58.74
58.44
58.44
58.61
58.84
58.84
58.84
58.84
58.84
58.84
58.12
58.12
57.99
57.99
58.15
58.15
58.57
58.57
58.49
58.49
58.39
58.39
58.51
58.76
58.76
58.76
58.73
58.73
58.28
58.28
58.61
58.61
58.61
58.23
58.23
58.19
58.29
58.29
58.29
58.58
58.58
58.72
58.72
58.23
58.56
58.56
43.93
43.93
43.93
44.08
44.08
44.12
44.12
44.03
44.03
44.07
44.07
44.07
44.07
44.07
44.07
43.67
43.67
43.5
43.5
43.5
44.1
44.1
44.1
43.84
43.84
43.93
43.94
43.94
43.94
45.21
45.21
45.15
45.15
45.15
45.16
45.16
45.16
45.16
45.27
45.27
44.97
44.97
45.0
45.0
44.92
44.92
45.2
45.2
45.17
45.17
45.17
45.17
45.21
45.21
45.06
45.06
45.0
45.0
45.0
44.95
44.95
45.0
45.0
45.02
45.02
45.02
45.16
45.16
44.79
45.12
45.28
45.28
45.28
45.28
45.2
45.2
45.2
45.2
44.97
44.97
44.97
44.97
44.97
45.01
45.01
60.02
60.02
60.02
59.99
59.99
60.18
60.18
60.44
45.33
45.16
45.16
45.16
45.0
45.0
45.0
45.0
44.84
44.84
45.01
45.01
45.02
45.02
45.01
44.63
45.02
45.02
45.1
45.1
44.88
44.88
44.88
44.54
44.54
44.65
45.04
45.04
44.92
44.92
44.98
44.98
44.98
45.3
45.3
45.13
45.13
45.13
44.82
44.82
44.86
44.86
44.86
44.86
44.89
44.89
90.06
90.06
89.9
89.9
89.9
89.96
89.96
89.96
89.96
45.23
45.23
44.99
44.79
44.79
44.79
44.83
44.83
44.83
44.56
44.56
45.06
45.06
45.06
44.91
44.91
44.96
89.86
89.86
89.86
90.43
90.43
90.3
90.3
90.3
90.3
90.3
89.24
89.24
90.12
90.26
90.26
